[9.47949842e-03,2.03452262e-03,2.69734565e-03,8.16674254e-02,
 3.54166033e-02,4.31804627e-02,2.88104910e-02,8.26665093e-02,
 3.76069152e-02,1.92731256e-02,7.89175003e-02,2.24216383e-02,
 6.05832442e-03,1.16019444e+00,3.68064956e-01,1.43980916e+00,
 6.04668332e-01,2.44967838e-01,2.70564396e-01,3.58069449e+00,
 8.43761107e-01,3.24651157e-01,3.48755311e-01,6.39854245e-01,
 8.52318620e-01,2.84071381e-01,2.79787414e-01,6.57849736e-01,
 5.35422953e-01,1.77604822e-01,1.96942632e-01,1.01836372e+00,
 3.52202371e-01,1.40789393e-03,7.42068544e-03,2.41525315e-02,
 1.58712556e+00,2.52098370e+00,9.03089474e-01,7.82723714e-01,
 5.90100215e-01,7.99111870e-01,1.04146666e+00,6.87563532e-01,
 9.24163984e-01,6.13773140e-01,9.21047088e-01,8.65272129e-01,
 1.26524173e-01,2.87818120e-02,7.70999411e-03,1.57178691e-01,
 1.59015898e+00,8.54051987e-01,6.46906900e-01,5.30959949e-01,
 5.83425365e-01,6.93412008e-01,1.06544461e+00,3.73959852e-01,
 8.27865383e-01,4.93689063e-01,4.85506632e-01,1.45626630e+00,
 4.26113741e-03,1.98240518e-03,5.73409383e-03,1.02455897e+00,
 1.49688392e+00,9.70588422e+00,2.07472049e+00,3.78512015e-01,
 4.36963142e-01,7.82890083e-01,9.32650694e-01,3.01350408e-01,
 2.99320802e-01,9.80687949e-01,7.94433508e-01,4.90669074e-02,
 3.34232666e-02,1.22463254e-02,1.03482623e-03,0.00000000e+00,
 4.38594374e-03,3.14707675e-04,2.08824151e-02,3.09444905e-02,
 1.42170304e-02,4.35392852e-03,1.16562334e-02,2.70604322e-03,
 1.77260954e-02,4.74295108e-03,1.02387021e-02,2.08825012e-02,
 1.01390016e-02,5.97015728e-03,1.47741413e-03,1.29411916e-02,
 3.50633254e-01,7.15550844e-04,8.31831151e-03,4.41417436e-07,
 3.54923674e-03,1.36273578e-02,0.00000000e+00,3.00886462e-03,
 9.05436836e-03,1.17713279e-03,4.67497477e-03,3.36000355e-03,
 2.17779996e-03,4.70149559e-03,5.23654995e-03,2.04851941e-03,
 1.37909936e-03,3.86785608e-03,2.22105167e-03,4.05543931e-04,
 2.37222949e-03,3.55837983e-04,5.60376115e-04,3.60066708e-03,
 3.11438471e-03,0.00000000e+00,4.14247911e-03,5.50291175e-03,
 9.91107479e-03,8.34960554e-03,0.00000000e+00,9.74962137e-01,
 7.77003583e-01,2.78770051e+00,2.78732698e+00,4.67890929e-01,
 5.64382727e-01,9.13659144e-01,5.39247547e-01,5.63194841e-01,
 5.85246591e-01,7.35454708e-01,4.02443174e-01,3.58895074e+00,
 5.88123667e+00,2.07852507e+00,7.45960004e-01,4.81684091e-01,
 2.54433449e-01,5.74370897e-01,3.49505538e-01,2.18054223e-01,
 3.59463198e-01,1.34193772e+00,1.14021891e+00,1.14200161e-02,
 9.00220592e-02,4.86108166e-01,3.82685748e-01,1.24377211e+00,
 3.65616323e-01,2.15543052e+00,9.77207066e-01,1.21897157e+00,
 5.92010121e-01,1.28874159e+00,1.25711032e+00,9.66076233e-01,
 8.29196214e-01,1.92863339e-01,3,87574337e-01,9,99267497e-01,
 ,.72799120e-01]
